N: 100000.10895733528
f: 0.5961361638013981
beta: 0.9646503836310345
m: 1.479439970264601
mu: 3.002638427507654
sigma: 0.2992357808277463
lam: 0.29585349437316233
mu_b: -0.006084193641731449
sigma_b: 2.4630290286509626
