N: 100000.11488047945
f: 0.6007298820987071
beta: 1.0181348669040589
m: 1.3607284421314492
mu: 2.99923922081838
sigma: 0.30048815277208213
lam: 0.2973249776554407
mu_b: -0.08780617333659348
sigma_b: 2.5165614152949676
